#Layer_Color=16711935
#
#Feature symbol names
#
$0 r3.937
$1 r3
$2 r1.9685

#
#Feature attribute names
#

#
#Layer features
#
A 12.785 11.32 12.785 11.32 12.76 11.32 0 P 0 N
A 12.8407087 11.32 12.8407087 11.32 12.76 11.32 0 P 0 N
A 13.0579921 10.1670079 13.0579921 10.1670079 13.0383071 10.1670079 0 P 0 N
A 13.3647619 10.9604339 13.3647619 10.9604339 13.3155489 10.9604339 1 P 0 N
A 14.2110236 10.2560236 14.2110236 10.2560236 14.1913386 10.2560236 0 P 0 N
A 14.825 9.735 14.825 9.735 14.8 9.735 1 P 0 N
L 12.407559 8.9820872 12.407559 9.0293306 1 P 0
L 12.407559 8.9820872 12.7343307 8.9820872 1 P 0
L 12.407559 9.0293306 12.4272441 9.0490157 1 P 0
L 12.407559 9.3206693 12.407559 9.3688976 1 P 0
L 12.407559 9.3206693 12.4272441 9.3009842 1 P 0
L 12.407559 9.3688976 12.9794094 9.3688976 1 P 0
L 12.4272441 9.0490157 12.4272441 9.3009842 1 P 0
L 12.4921654 10.5231102 12.4921654 10.7868897 0 P 0
L 12.4921654 10.5231102 12.6378347 10.5231102 0 P 0
L 12.4921654 10.7868897 12.6378347 10.7868897 0 P 0
L 12.4971654 10.0781102 12.4971654 10.3418897 0 P 0
L 12.4971654 10.0781102 12.6428347 10.0781102 0 P 0
L 12.4971654 10.3418897 12.6428347 10.3418897 0 P 0
L 12.4971654 9.6381102 12.4971654 9.9018897 0 P 0
L 12.4971654 9.6381102 12.6428347 9.6381102 0 P 0
L 12.4971654 9.9018897 12.6428347 9.9018897 0 P 0
L 12.5222441 9.5812991 12.5222441 9.8687009 2 P 0
L 12.5222441 9.5812991 12.5293059 9.588361 2 P 0
L 12.5222441 9.5812991 12.6777559 9.5812991 2 P 0
L 12.5222441 9.8687009 12.5320456 9.8588994 2 P 0
L 12.5222441 9.8687009 12.6777559 9.8687009 2 P 0
L 12.5293059 9.588361 12.5320179 9.6105592 2 P 0
L 12.5293059 9.588361 12.6706941 9.588361 2 P 0
L 12.5320179 9.6105592 12.5320179 9.6462188 2 P 0
L 12.5320179 9.6105592 12.5773485 9.6105592 2 P 0
L 12.5320179 9.6462188 12.5320456 9.8588994 2 P 0
L 12.5320179 9.6462188 12.5773485 9.6462188 2 P 0
L 12.5320456 9.8588994 12.6679544 9.8588994 2 P 0
L 12.5507874 9.5753936 12.5507874 9.5812991 2 P 0
L 12.5507874 9.5753936 12.6492126 9.5753936 2 P 0
L 12.5507874 9.8687009 12.5507874 9.8746064 2 P 0
L 12.5507874 9.8746064 12.6492126 9.8746064 2 P 0
L 12.5773485 9.6105592 12.5773485 9.6462188 2 P 0
L 12.5773485 9.6107857 12.6226515 9.6107857 2 P 0
L 12.580315 9.5753936 12.580315 9.5812991 2 P 0
L 12.580315 9.5805117 12.6196851 9.5805117 2 P 0
L 12.580315 9.8687009 12.580315 9.8746064 2 P 0
L 12.580315 9.8694883 12.6196851 9.8694883 2 P 0
L 12.6196851 9.5753936 12.6196851 9.5812991 2 P 0
L 12.6196851 9.8687009 12.6196851 9.8746064 2 P 0
L 12.6226515 9.6105592 12.6226515 9.6462188 2 P 0
L 12.6226515 9.6105592 12.6679821 9.6105592 2 P 0
L 12.6226515 9.6462188 12.6679821 9.6462188 2 P 0
L 12.6349952 11.6169312 12.6349952 11.7251968 0 P 0
L 12.6349952 11.6169312 12.655664 11.5962624 0 P 0
L 12.6349952 11.6169312 12.884992 11.6169312 0 P 0
L 12.6349952 11.7251968 12.655664 11.7458688 0 P 0
L 12.6349952 11.7251968 12.8850032 11.7251968 0 P 0
L 12.6349984 11.2055168 12.6349984 11.4344832 0 P 0
L 12.6349984 11.2055168 12.6458272 11.194688 0 P 0
L 12.6349984 11.4344832 12.6458272 11.445312 0 P 0
L 12.635008 11.2527584 12.6749024 11.2527584 0 P 0
L 12.635008 11.3872416 12.6749024 11.3872416 0 P 0
L 12.6378347 10.5231102 12.6378347 10.7868897 0 P 0
L 12.640309 11.2 12.640309 11.2393728 0 P 0
L 12.640309 11.2 12.6796818 11.2 0 P 0
L 12.640309 11.2393728 12.6796818 11.2393728 0 P 0
L 12.640309 11.4 12.640309 11.4393728 0 P 0
L 12.640309 11.4 12.6796818 11.4 0 P 0
L 12.640309 11.4393728 12.6796818 11.4393728 0 P 0
L 12.6428347 10.0781102 12.6428347 10.3418897 0 P 0
L 12.6428347 9.6381102 12.6428347 9.9018897 0 P 0
L 12.6458176 11.1946976 12.8741824 11.1946976 0 P 0
L 12.6458208 11.448624 12.655664 11.4584672 0 P 0
L 12.6458208 11.448624 12.8741664 11.448624 0 P 0
L 12.6458272 11.445312 12.6930784 11.445312 0 P 0
L 12.6492126 9.5753936 12.6492126 9.5812991 2 P 0
L 12.6492126 9.8687009 12.6492126 9.8746064 2 P 0
L 12.655664 11.4584672 12.655664 11.5962624 0 P 0
L 12.655664 11.4584672 12.8643232 11.4584672 0 P 0
L 12.655664 11.5962624 12.8643232 11.5962624 0 P 0
L 12.655664 11.7458688 12.6556693 11.7773728 0 P 0
L 12.655664 11.7458688 12.8643344 11.7458688 0 P 0
L 12.6556693 11.7773728 12.8643291 11.7773728 0 P 0
L 12.6679544 9.8588994 12.6679821 9.6462188 2 P 0
L 12.6679544 9.8588994 12.6777559 9.8687009 2 P 0
L 12.6679821 9.6105592 12.6679821 9.6462188 2 P 0
L 12.6679821 9.6105592 12.6706941 9.588361 2 P 0
L 12.6706941 9.588361 12.6777559 9.5812991 2 P 0
L 12.6749024 11.2527584 12.6804704 11.246224 0 P 0
L 12.6749024 11.3872416 12.6804704 11.393776 0 P 0
L 12.6777559 9.5812991 12.6777559 9.8687009 2 P 0
L 12.6796818 11.2 12.6796818 11.2393728 0 P 0
L 12.6796818 11.4 12.6796818 11.4393728 0 P 0
L 12.6804704 11.246224 12.6865408 11.2401536 0 P 0
L 12.6804704 11.393776 12.6865408 11.3998464 0 P 0
L 12.6865408 11.2401536 12.6930752 11.2345856 0 P 0
L 12.6865408 11.3998464 12.6930752 11.4054144 0 P 0
L 12.6930752 11.2345856 12.6930784 11.194688 0 P 0
L 12.6930752 11.4054144 12.6930784 11.445312 0 P 0
L 12.7222441 9.5762991 12.7222441 9.8637009 2 P 0
L 12.7222441 9.5762991 12.7293059 9.583361 2 P 0
L 12.7222441 9.5762991 12.8777559 9.5762991 2 P 0
L 12.7222441 9.8637009 12.7320456 9.8538994 2 P 0
L 12.7222441 9.8637009 12.8777559 9.8637009 2 P 0
L 12.7293059 9.583361 12.7320179 9.6055592 2 P 0
L 12.7293059 9.583361 12.8706941 9.583361 2 P 0
L 12.7320179 9.6055592 12.7320179 9.6412188 2 P 0
L 12.7320179 9.6055592 12.7773485 9.6055592 2 P 0
L 12.7320179 9.6412188 12.7320456 9.8538994 2 P 0
L 12.7320179 9.6412188 12.7773485 9.6412188 2 P 0
L 12.7320456 9.8538994 12.8679544 9.8538994 2 P 0
L 12.7507874 9.5703936 12.7507874 9.5762991 2 P 0
L 12.7507874 9.5703936 12.8492126 9.5703936 2 P 0
L 12.7507874 9.8637009 12.7507874 9.8696064 2 P 0
L 12.7507874 9.8696064 12.8492126 9.8696064 2 P 0
L 12.7773485 9.6055592 12.7773485 9.6412188 2 P 0
L 12.7773485 9.6057857 12.8226515 9.6057857 2 P 0
L 12.780315 9.5703936 12.780315 9.5762991 2 P 0
L 12.780315 9.5755117 12.8196851 9.5755117 2 P 0
L 12.780315 9.8637009 12.780315 9.8696064 2 P 0
L 12.780315 9.8644883 12.8196851 9.8644883 2 P 0
L 12.8196851 9.5703936 12.8196851 9.5762991 2 P 0
L 12.8196851 9.8637009 12.8196851 9.8696064 2 P 0
L 12.8226515 9.6055592 12.8226515 9.6412188 2 P 0
L 12.8226515 9.6055592 12.8679821 9.6055592 2 P 0
L 12.8226515 9.6412188 12.8679821 9.6412188 2 P 0
L 12.8269216 11.194688 12.8269248 11.2345856 0 P 0
L 12.8269216 11.445312 12.8269248 11.4054144 0 P 0
L 12.8269216 11.445312 12.8741728 11.445312 0 P 0
L 12.8269248 11.2345856 12.8334592 11.2401536 0 P 0
L 12.8269248 11.4054144 12.8334592 11.3998464 0 P 0
L 12.8334592 11.2401536 12.8395296 11.246224 0 P 0
L 12.8334592 11.3998464 12.8395296 11.393776 0 P 0
L 12.8395296 11.246224 12.8450976 11.2527584 0 P 0
L 12.8395296 11.393776 12.8450976 11.3872416 0 P 0
L 12.840315 11.4 12.840315 11.4393728 0 P 0
L 12.840315 11.4 12.8796878 11.4 0 P 0
L 12.840315 11.4393728 12.8796878 11.4393728 0 P 0
L 12.8403166 11.2000018 12.8403166 11.2393746 0 P 0
L 12.8403166 11.2000018 12.8796894 11.2000018 0 P 0
L 12.8403166 11.2393746 12.8796894 11.2393746 0 P 0
L 12.8450976 11.2527584 12.884992 11.2527584 0 P 0
L 12.8450976 11.3872416 12.884992 11.3872416 0 P 0
L 12.8492126 9.5703936 12.8492126 9.5762991 2 P 0
L 12.8492126 9.8637009 12.8492126 9.8696064 2 P 0
L 12.8643232 11.4584672 12.8643232 11.5962624 0 P 0
L 12.8643232 11.4584672 12.8741664 11.448624 0 P 0
L 12.8643232 11.5962624 12.884992 11.6169312 0 P 0
L 12.8643291 11.7773728 12.8643344 11.7458688 0 P 0
L 12.8643344 11.7458688 12.8850032 11.7251968 0 P 0
L 12.8679544 9.8538994 12.8679821 9.6412188 2 P 0
L 12.8679544 9.8538994 12.8777559 9.8637009 2 P 0
L 12.8679821 9.6055592 12.8679821 9.6412188 2 P 0
L 12.8679821 9.6055592 12.8706941 9.583361 2 P 0
L 12.8681889 8.9820866 12.9794094 8.9820866 1 P 0
L 12.8706941 9.583361 12.8777559 9.5762991 2 P 0
L 12.8741728 11.194688 12.8850016 11.2055168 0 P 0
L 12.8741728 11.445312 12.8850016 11.4344832 0 P 0
L 12.8777559 9.5762991 12.8777559 9.8637009 2 P 0
L 12.8796878 11.4 12.8796878 11.4393728 0 P 0
L 12.8796894 11.2000018 12.8796894 11.2393746 0 P 0
L 12.884992 11.6169312 12.884992 11.7251968 0 P 0
L 12.8850016 11.2055168 12.8850016 11.4344832 0 P 0
L 12.8872441 10.6312991 12.8872441 10.9187009 2 P 0
L 12.8872441 10.6312991 12.8943059 10.638361 2 P 0
L 12.8872441 10.6312991 13.0427559 10.6312991 2 P 0
L 12.8872441 10.9187009 12.8970456 10.9088994 2 P 0
L 12.8872441 10.9187009 13.0427559 10.9187009 2 P 0
L 12.8943059 10.638361 12.8970179 10.6605592 2 P 0
L 12.8943059 10.638361 13.0356941 10.638361 2 P 0
L 12.8970179 10.6605592 12.8970179 10.6962188 2 P 0
L 12.8970179 10.6605592 12.9423485 10.6605592 2 P 0
L 12.8970179 10.6962188 12.8970456 10.9088994 2 P 0
L 12.8970179 10.6962188 12.9423485 10.6962188 2 P 0
L 12.8970456 10.9088994 13.0329544 10.9088994 2 P 0
L 12.8972441 9.5012991 12.8972441 9.7887009 2 P 0
L 12.8972441 9.5012991 12.9070456 9.5111006 2 P 0
L 12.8972441 9.5012991 13.0527559 9.5012991 2 P 0
L 12.8972441 9.7887009 12.9043059 9.781639 2 P 0
L 12.8972441 9.7887009 13.0527559 9.7887009 2 P 0
L 12.9043059 9.781639 12.9070179 9.7594408 2 P 0
L 12.9043059 9.781639 13.0456941 9.781639 2 P 0
L 12.9070179 9.7237812 12.9070179 9.7594408 2 P 0
L 12.9070179 9.7237812 12.9070456 9.5111006 2 P 0
L 12.9070179 9.7237812 12.9523485 9.7237812 2 P 0
L 12.9070179 9.7594408 12.9523485 9.7594408 2 P 0
L 12.9070456 9.5111006 13.0429544 9.5111006 2 P 0
L 12.9157874 10.6253936 12.9157874 10.6312991 2 P 0
L 12.9157874 10.6253936 13.0142126 10.6253936 2 P 0
L 12.9157874 10.9187009 12.9157874 10.9246064 2 P 0
L 12.9157874 10.9246064 13.0142126 10.9246064 2 P 0
L 12.9162599 10.1315748 12.9162599 10.3284252 0 P 0
L 12.9162599 10.1315748 13.0737402 10.1315748 0 P 0
L 12.9162599 10.3284252 13.0737402 10.3284252 0 P 0
L 12.9257874 9.4953936 12.9257874 9.5012991 2 P 0
L 12.9257874 9.4953936 13.0242126 9.4953936 2 P 0
L 12.9257874 9.7887009 12.9257874 9.7946064 2 P 0
L 12.9257874 9.7946064 13.0242126 9.7946064 2 P 0
L 12.9423485 10.6605592 12.9423485 10.6962188 2 P 0
L 12.9423485 10.6607857 12.9876515 10.6607857 2 P 0
L 12.9453149 10.6253936 12.9453149 10.6312991 2 P 0
L 12.9453149 10.6305117 12.984685 10.6305117 2 P 0
L 12.9453149 10.9187009 12.9453149 10.9246064 2 P 0
L 12.9453149 10.9194883 12.984685 10.9194883 2 P 0
L 12.9523485 9.7237812 12.9523485 9.7594408 2 P 0
L 12.9523485 9.7592143 12.9976515 9.7592143 2 P 0
L 12.955315 9.4953936 12.955315 9.5012991 2 P 0
L 12.955315 9.5005117 12.9946851 9.5005117 2 P 0
L 12.955315 9.7887009 12.955315 9.7946064 2 P 0
L 12.955315 9.7894883 12.9946851 9.7894883 2 P 0
L 12.9664567 10.0766929 12.9664567 10.0885039 2 P 0
L 12.9664567 10.0766929 13.0235433 10.0766929 2 P 0
L 12.9664567 10.0885039 13.0235433 10.0885039 2 P 0
L 12.9664567 10.1514961 12.9664567 10.1633071 2 P 0
L 12.9664567 10.1514961 13.0235433 10.1514961 2 P 0
L 12.9664567 10.1633071 13.0235433 10.1633071 2 P 0
L 12.9664567 10.2816929 12.9664567 10.2935039 2 P 0
L 12.9664567 10.2816929 13.0235433 10.2816929 2 P 0
L 12.9664567 10.2935039 13.0235433 10.2935039 2 P 0
L 12.9664567 10.3564961 12.9664567 10.3683071 2 P 0
L 12.9664567 10.3564961 13.0235433 10.3564961 2 P 0
L 12.9664567 10.3683071 13.0235433 10.3683071 2 P 0
L 12.9672441 10.0885039 12.9672441 10.1514961 2 P 0
L 12.9672441 10.2935039 12.9672441 10.3564961 2 P 0
L 12.9794094 8.9820866 12.9794094 9.3688976 1 P 0
L 12.984685 10.6253936 12.984685 10.6312991 2 P 0
L 12.984685 10.9187009 12.984685 10.9246064 2 P 0
L 12.9876515 10.6605592 12.9876515 10.6962188 2 P 0
L 12.9876515 10.6605592 13.0329821 10.6605592 2 P 0
L 12.9876515 10.6962188 13.0329821 10.6962188 2 P 0
L 12.9946851 9.4953936 12.9946851 9.5012991 2 P 0
L 12.9946851 9.7887009 12.9946851 9.7946064 2 P 0
L 12.9976515 9.7237812 12.9976515 9.7594408 2 P 0
L 12.9976515 9.7237812 13.0429821 9.7237812 2 P 0
L 12.9976515 9.7594408 13.0429821 9.7594408 2 P 0
L 13.0142126 10.6253936 13.0142126 10.6312991 2 P 0
L 13.0142126 10.9187009 13.0142126 10.9246064 2 P 0
L 13.0227559 10.0885039 13.0227559 10.1514961 2 P 0
L 13.0227559 10.2935039 13.0227559 10.3564961 2 P 0
L 13.0235433 10.0766929 13.0235433 10.0885039 2 P 0
L 13.0235433 10.1514961 13.0235433 10.1633071 2 P 0
L 13.0235433 10.2816929 13.0235433 10.2935039 2 P 0
L 13.0235433 10.3564961 13.0235433 10.3683071 2 P 0
L 13.0242126 9.4953936 13.0242126 9.5012991 2 P 0
L 13.0242126 9.7887009 13.0242126 9.7946064 2 P 0
L 13.0329544 10.9088994 13.0329821 10.6962188 2 P 0
L 13.0329544 10.9088994 13.0427559 10.9187009 2 P 0
L 13.0329821 10.6605592 13.0329821 10.6962188 2 P 0
L 13.0329821 10.6605592 13.0356941 10.638361 2 P 0
L 13.0356941 10.638361 13.0427559 10.6312991 2 P 0
L 13.0427559 10.6312991 13.0427559 10.9187009 2 P 0
L 13.0429544 9.5111006 13.0429821 9.7237812 2 P 0
L 13.0429544 9.5111006 13.0527559 9.5012991 2 P 0
L 13.0429821 9.7237812 13.0429821 9.7594408 2 P 0
L 13.0429821 9.7594408 13.0456941 9.781639 2 P 0
L 13.0456941 9.781639 13.0527559 9.7887009 2 P 0
L 13.0527559 9.5012991 13.0527559 9.7887009 2 P 0
L 13.0737402 10.1315748 13.0737402 10.3284252 0 P 0
L 13.1875489 10.8324339 13.1875489 11.0872526 1 P 0
L 13.1875489 10.8324339 13.4425489 10.8324339 1 P 0
L 13.1875489 11.0872526 13.4425489 11.0872526 1 P 0
L 13.2364567 10.1266929 13.2364567 10.1385039 2 P 0
L 13.2364567 10.1266929 13.2935433 10.1266929 2 P 0
L 13.2364567 10.1385039 13.2935433 10.1385039 2 P 0
L 13.2364567 10.2014961 13.2364567 10.2133071 2 P 0
L 13.2364567 10.2014961 13.2935433 10.2014961 2 P 0
L 13.2364567 10.2133071 13.2935433 10.2133071 2 P 0
L 13.2372441 10.1385039 13.2372441 10.2014961 2 P 0
L 13.2927559 10.1385039 13.2927559 10.2014961 2 P 0
L 13.2935433 10.1266929 13.2935433 10.1385039 2 P 0
L 13.2935433 10.2014961 13.2935433 10.2133071 2 P 0
L 13.4366929 10.2714567 13.4366929 10.3285433 2 P 0
L 13.4366929 10.2714567 13.4485039 10.2714567 2 P 0
L 13.4366929 10.3285433 13.4485039 10.3285433 2 P 0
L 13.4425489 10.8324339 13.4425489 11.0872526 1 P 0
L 13.4485039 10.2714567 13.4485039 10.3285433 2 P 0
L 13.4485039 10.2722441 13.5114961 10.2722441 2 P 0
L 13.4485039 10.3277559 13.5114961 10.3277559 2 P 0
L 13.5114961 10.2714567 13.5114961 10.3285433 2 P 0
L 13.5114961 10.2714567 13.5233071 10.2714567 2 P 0
L 13.5114961 10.3285433 13.5233071 10.3285433 2 P 0
L 13.5233071 10.2714567 13.5233071 10.3285433 2 P 0
L 13.5264567 11.0066929 13.5264567 11.0185039 2 P 0
L 13.5264567 11.0066929 13.5835433 11.0066929 2 P 0
L 13.5264567 11.0185039 13.5835433 11.0185039 2 P 0
L 13.5264567 11.0814961 13.5264567 11.0933071 2 P 0
L 13.5264567 11.0814961 13.5835433 11.0814961 2 P 0
L 13.5264567 11.0933071 13.5835433 11.0933071 2 P 0
L 13.5272441 11.0185039 13.5272441 11.0814961 2 P 0
L 13.5391732 11.2393307 13.5391732 11.2472047 2 P 0
L 13.5391732 11.2393307 13.5608268 11.2393307 2 P 0
L 13.5391732 11.2472047 13.5608268 11.2472047 2 P 0
L 13.5391732 11.2727953 13.5391732 11.2806693 2 P 0
L 13.5391732 11.2727953 13.5608268 11.2727953 2 P 0
L 13.5391732 11.2806693 13.5608268 11.2806693 2 P 0
L 13.5399606 11.2472047 13.5399606 11.2727953 2 P 0
L 13.5600394 11.2472047 13.5600394 11.2727953 2 P 0
L 13.5608268 11.2393307 13.5608268 11.2472047 2 P 0
L 13.5608268 11.2727953 13.5608268 11.2806693 2 P 0
L 13.5827559 11.0185039 13.5827559 11.0814961 2 P 0
L 13.5835433 11.0066929 13.5835433 11.0185039 2 P 0
L 13.5835433 11.0814961 13.5835433 11.0933071 2 P 0
L 13.6330709 11.2845668 13.6330709 11.3554329 0 P 0
L 13.6330709 11.2845668 13.7669291 11.2845668 0 P 0
L 13.6330709 11.3554329 13.7669291 11.3554329 0 P 0
L 13.7669291 11.2845668 13.7669291 11.3554329 0 P 0
L 13.8441732 11.2743307 13.8441732 11.2822047 2 P 0
L 13.8441732 11.2743307 13.8658268 11.2743307 2 P 0
L 13.8441732 11.2822047 13.8658268 11.2822047 2 P 0
L 13.8441732 11.3077953 13.8441732 11.3156693 2 P 0
L 13.8441732 11.3077953 13.8658268 11.3077953 2 P 0
L 13.8441732 11.3156693 13.8658268 11.3156693 2 P 0
L 13.8449606 11.2822047 13.8449606 11.3077953 2 P 0
L 13.8650394 11.2822047 13.8650394 11.3077953 2 P 0
L 13.8658268 11.2743307 13.8658268 11.2822047 2 P 0
L 13.8658268 11.3077953 13.8658268 11.3156693 2 P 0
L 13.9264567 10.1216929 13.9264567 10.1335039 2 P 0
L 13.9264567 10.1216929 13.9835433 10.1216929 2 P 0
L 13.9264567 10.1335039 13.9835433 10.1335039 2 P 0
L 13.9264567 10.1964961 13.9264567 10.2083071 2 P 0
L 13.9264567 10.1964961 13.9835433 10.1964961 2 P 0
L 13.9264567 10.2083071 13.9835433 10.2083071 2 P 0
L 13.9272441 10.1335039 13.9272441 10.1964961 2 P 0
L 13.9480709 11.2845668 13.9480709 11.3554329 0 P 0
L 13.9480709 11.2845668 14.0819291 11.2845668 0 P 0
L 13.9480709 11.3554329 14.0819291 11.3554329 0 P 0
L 13.9827559 10.1335039 13.9827559 10.1964961 2 P 0
L 13.9835433 10.1216929 13.9835433 10.1335039 2 P 0
L 13.9835433 10.1964961 13.9835433 10.2083071 2 P 0
L 14.0335039 10.3509448 14.0335039 10.4690551 2 P 0
L 14.0335039 10.3509448 14.0359816 10.3534226 2 P 0
L 14.0335039 10.3509448 14.0964961 10.3509448 2 P 0
L 14.0335039 10.4690551 14.0359816 10.4665774 2 P 0
L 14.0335039 10.4690551 14.0964961 10.4690552 2 P 0
L 14.0359816 10.3534226 14.0359816 10.4665774 2 P 0
L 14.0359816 10.3534226 14.0940184 10.3534226 2 P 0
L 14.0359816 10.3731076 14.0940184 10.3731076 2 P 0
L 14.0359816 10.4665774 14.0940184 10.4665774 2 P 0
L 14.0413779 10.3470078 14.0413779 10.3509679 2 P 0
L 14.0413779 10.3470078 14.0886221 10.3470078 2 P 0
L 14.0413779 10.4690321 14.0413779 10.4729922 2 P 0
L 14.0413779 10.4729922 14.0886221 10.4729922 2 P 0
L 14.0508268 10.3470078 14.0508268 10.3509679 2 P 0
L 14.0508268 10.4690321 14.0508268 10.4729922 2 P 0
L 14.0732284 10.0985433 14.0732284 10.2914567 0 P 0
L 14.0732284 10.0985433 14.2267717 10.0985433 0 P 0
L 14.0732284 10.2914567 14.2267717 10.2914567 0 P 0
L 14.0791732 10.3470078 14.0791732 10.3509679 2 P 0
L 14.0791732 10.4690321 14.0791732 10.4729922 2 P 0
L 14.0819291 11.2845668 14.0819291 11.3554329 0 P 0
L 14.0886221 10.3470078 14.0886221 10.3509679 2 P 0
L 14.0886221 10.4690321 14.0886221 10.4729922 2 P 0
L 14.0940184 10.3534226 14.0940184 10.4665774 2 P 0
L 14.0940184 10.3534226 14.0964961 10.3509448 2 P 0
L 14.0940184 10.4665774 14.0964961 10.4690552 2 P 0
L 14.0964961 10.3509448 14.0964961 10.4690552 2 P 0
L 14.1541732 11.2693307 14.1541732 11.2772047 2 P 0
L 14.1541732 11.2693307 14.1758268 11.2693307 2 P 0
L 14.1541732 11.2772047 14.1758268 11.2772047 2 P 0
L 14.1541732 11.3027953 14.1541732 11.3106693 2 P 0
L 14.1541732 11.3027953 14.1758268 11.3027953 2 P 0
L 14.1541732 11.3106693 14.1758268 11.3106693 2 P 0
L 14.1549606 11.2772047 14.1549606 11.3027953 2 P 0
L 14.1750394 11.2772047 14.1750394 11.3027953 2 P 0
L 14.1758268 11.2693307 14.1758268 11.2772047 2 P 0
L 14.1758268 11.3027953 14.1758268 11.3106693 2 P 0
L 14.2267717 10.0985433 14.2267717 10.2914567 0 P 0
L 14.2430709 11.2845668 14.2430709 11.3554329 0 P 0
L 14.2430709 11.2845668 14.3769291 11.2845668 0 P 0
L 14.2430709 11.3554329 14.3769291 11.3554329 0 P 0
L 14.3769291 11.2845668 14.3769291 11.3554329 0 P 0
L 14.4470078 10.3663779 14.4470078 10.4136221 2 P 0
L 14.4470078 10.3663779 14.4509679 10.3663779 2 P 0
L 14.4470078 10.3758268 14.4509679 10.3758268 2 P 0
L 14.4470078 10.4041732 14.4509679 10.4041732 2 P 0
L 14.4470078 10.4136221 14.4509679 10.4136221 2 P 0
L 14.4509448 10.3585039 14.4509448 10.4214961 2 P 0
L 14.4509448 10.3585039 14.4534226 10.3609816 2 P 0
L 14.4509448 10.3585039 14.5690552 10.3585039 2 P 0
L 14.4509448 10.4214961 14.4534226 10.4190184 2 P 0
L 14.4509448 10.4214961 14.5690551 10.4214961 2 P 0
L 14.4534226 10.3609816 14.4534226 10.4190184 2 P 0
L 14.4534226 10.3609816 14.5665774 10.3609816 2 P 0
L 14.4534226 10.4190184 14.5665774 10.4190184 2 P 0
L 14.4541732 11.2293307 14.4541732 11.2372047 2 P 0
L 14.4541732 11.2293307 14.4758268 11.2293307 2 P 0
L 14.4541732 11.2372047 14.4758268 11.2372047 2 P 0
L 14.4541732 11.2627953 14.4541732 11.2706693 2 P 0
L 14.4541732 11.2627953 14.4758268 11.2627953 2 P 0
L 14.4541732 11.2706693 14.4758268 11.2706693 2 P 0
L 14.4549606 11.2372047 14.4549606 11.2627953 2 P 0
L 14.4614567 10.2066929 14.4614567 10.2185039 2 P 0
L 14.4614567 10.2066929 14.5185433 10.2066929 2 P 0
L 14.4614567 10.2185039 14.5185433 10.2185039 2 P 0
L 14.4614567 10.2814961 14.4614567 10.2933071 2 P 0
L 14.4614567 10.2814961 14.5185433 10.2814961 2 P 0
L 14.4614567 10.2933071 14.5185433 10.2933071 2 P 0
L 14.4622441 10.2185039 14.4622441 10.2814961 2 P 0
L 14.4731076 10.3609816 14.4731076 10.4190184 2 P 0
L 14.4750394 11.2372047 14.4750394 11.2627953 2 P 0
L 14.4758268 11.2293307 14.4758268 11.2372047 2 P 0
L 14.4758268 11.2627953 14.4758268 11.2706693 2 P 0
L 14.4770078 10.0863779 14.4770078 10.1336221 2 P 0
L 14.4770078 10.0863779 14.4809679 10.0863779 2 P 0
L 14.4770078 10.0958268 14.4809679 10.0958268 2 P 0
L 14.4770078 10.1241732 14.4809679 10.1241732 2 P 0
L 14.4770078 10.1336221 14.4809679 10.1336221 2 P 0
L 14.4809448 10.1414961 14.4809449 10.0785039 2 P 0
L 14.4809448 10.1414961 14.4834226 10.1390184 2 P 0
L 14.4809448 10.1414961 14.5990552 10.1414961 2 P 0
L 14.4809449 10.0785039 14.4834226 10.0809816 2 P 0
L 14.4809449 10.0785039 14.5990552 10.0785039 2 P 0
L 14.4834226 10.0809816 14.4834226 10.1390184 2 P 0
L 14.4834226 10.0809816 14.5965774 10.0809816 2 P 0
L 14.4834226 10.1390184 14.5965774 10.1390184 2 P 0
L 14.5177559 10.2185039 14.5177559 10.2814961 2 P 0
L 14.5185433 10.2066929 14.5185433 10.2185039 2 P 0
L 14.5185433 10.2814961 14.5185433 10.2933071 2 P 0
L 14.5665774 10.3609816 14.5665774 10.4190184 2 P 0
L 14.5665774 10.3609816 14.5690552 10.3585039 2 P 0
L 14.5665774 10.4190184 14.5690551 10.4214961 2 P 0
L 14.5690321 10.3663779 14.5729922 10.3663779 2 P 0
L 14.5690321 10.3758268 14.5729922 10.3758268 2 P 0
L 14.5690321 10.4041732 14.5729922 10.4041732 2 P 0
L 14.5690321 10.4136221 14.5729922 10.4136221 2 P 0
L 14.5690551 10.4214961 14.5690552 10.3585039 2 P 0
L 14.5729922 10.3663779 14.5729922 10.4136221 2 P 0
L 14.5768924 10.0809816 14.5768924 10.1390184 2 P 0
L 14.5965774 10.0809816 14.5965774 10.1390184 2 P 0
L 14.5965774 10.0809816 14.5990552 10.0785039 2 P 0
L 14.5965774 10.1390184 14.5990552 10.1414961 2 P 0
L 14.5990321 10.0863779 14.6029922 10.0863779 2 P 0
L 14.5990321 10.0958268 14.6029922 10.0958268 2 P 0
L 14.5990321 10.1241732 14.6029922 10.1241732 2 P 0
L 14.5990321 10.1336221 14.6029922 10.1336221 2 P 0
L 14.5990552 10.0785039 14.5990552 10.1414961 2 P 0
L 14.6029922 10.0863779 14.6029922 10.1336221 2 P 0
