#Layer_Color=32768
#
#Feature symbol names
#
$0 r10
$1 r39.3701
$2 r20
$3 r7.874
$4 r3.937
$5 r1.9685
$6 r5
$7 r3

#
#Feature attribute names
#
@0 .geometry
@1 .pad_usage

#
#Feature attribute text strings
#
&0 

#
#Layer features
#
L 12.3937402 10.5132677 12.3937402 10.7967323 4 P 0
L 12.3937402 10.5132677 12.7362599 10.5132677 4 P 0
L 12.3937402 10.7967323 12.7362599 10.7967323 4 P 0
L 12.3987402 10.0682677 12.3987402 10.3517323 4 P 0
L 12.3987402 10.0682677 12.7412599 10.0682677 4 P 0
L 12.3987402 10.3517323 12.7412599 10.3517323 4 P 0
L 12.3987402 9.6282677 12.3987402 9.9117323 4 P 0
L 12.3987402 9.6282677 12.7412599 9.6282677 4 P 0
L 12.3987402 9.9117323 12.7412599 9.9117323 4 P 0
L 12.5094488 9.5458661 12.5094488 9.9041339 6 P 0
L 12.5094488 9.5458661 12.6905512 9.5458661 6 P 0
L 12.5094488 9.9041339 12.6905512 9.9041339 6 P 0
L 12.545315 10.655 12.5846851 10.655 4 P 0
L 12.550315 10.21 12.5896851 10.21 4 P 0
L 12.550315 9.77 12.5896851 9.77 4 P 0
L 12.565 10.6353149 12.565 10.674685 4 P 0
L 12.57 10.1903149 12.57 10.229685 4 P 0
L 12.57 9.7503149 12.57 9.789685 4 P 0
L 12.6127559 11.1727559 12.6127559 11.7812992 5 P 0
L 12.6127559 11.1727559 12.9072441 11.1727559 5 P 0
L 12.6127559 11.4672441 12.9072441 11.4672441 5 P 0
L 12.6127559 11.7812992 12.9072441 11.7812992 5 P 0
L 12.6905512 9.5458661 12.6905512 9.9041339 6 P 0
L 12.7094488 9.5408661 12.7094488 9.8991339 6 P 0
L 12.7094488 9.5408661 12.8905512 9.5408661 6 P 0
L 12.7094488 9.8991339 12.8905512 9.8991339 6 P 0
L 12.7362599 10.5132677 12.7362599 10.7967323 4 P 0
L 12.740315 11.32 12.779685 11.32 4 P 0
L 12.7412599 10.0682677 12.7412599 10.3517323 4 P 0
L 12.7412599 9.6282677 12.7412599 9.9117323 4 P 0
L 12.76 11.300315 12.76 11.339685 4 P 0
L 12.8473622 10.1217323 12.8473622 10.3382677 4 P 0
L 12.8473622 10.1217323 13.1426378 10.1217323 4 P 0
L 12.8473622 10.3382677 13.1426378 10.3382677 4 P 0
L 12.8744488 10.5958661 12.8744488 10.9541339 6 P 0
L 12.8744488 10.5958661 13.0555512 10.5958661 6 P 0
L 12.8744488 10.9541339 13.0555512 10.9541339 6 P 0
L 12.8844488 9.4658661 12.8844488 9.8241339 6 P 0
L 12.8844488 9.4658661 13.0655512 9.4658661 6 P 0
L 12.8844488 9.8241339 13.0655512 9.8241339 6 P 0
L 12.8905512 9.5408661 12.8905512 9.8991339 6 P 0
L 12.9072441 11.1727559 12.9072441 11.7812992 5 P 0
L 12.9595669 10.0570079 12.9595669 10.1829921 4 P 0
L 12.9595669 10.0570079 13.0304331 10.0570079 4 P 0
L 12.9595669 10.1829921 13.0304331 10.1829921 4 P 0
L 12.9595669 10.2620079 12.9595669 10.3879921 4 P 0
L 12.9595669 10.2620079 13.0304331 10.2620079 4 P 0
L 12.9595669 10.3879921 13.0304331 10.3879921 4 P 0
L 12.975315 10.23 13.0146851 10.23 4 P 0
L 12.995 10.210315 12.995 10.249685 4 P 0
L 13.0304331 10.0570079 13.0304331 10.1829921 4 P 0
L 13.0304331 10.2620079 13.0304331 10.3879921 4 P 0
L 13.0555512 10.5958661 13.0555512 10.9541339 6 P 0
L 13.0655512 9.4658661 13.0655512 9.8241339 6 P 0
L 13.1426378 10.1217323 13.1426378 10.3382677 4 P 0
L 13.175 10.81 13.175 11.11 7 P 0
L 13.175 10.81 13.455 10.81 7 P 0
L 13.175 11.11 13.455 11.11 7 P 0
L 13.2295669 10.1070079 13.2295669 10.2329921 4 P 0
L 13.2295669 10.1070079 13.3004331 10.1070079 4 P 0
L 13.2295669 10.2329921 13.3004331 10.2329921 4 P 0
L 13.3004331 10.1070079 13.3004331 10.2329921 4 P 0
L 13.4170079 10.2645669 13.4170079 10.3354331 4 P 0
L 13.4170079 10.2645669 13.5429921 10.2645669 4 P 0
L 13.4170079 10.3354331 13.5429921 10.3354331 4 P 0
L 13.455 10.81 13.455 11.11 7 P 0
L 13.5195669 10.9870079 13.5195669 11.1129921 4 P 0
L 13.5195669 10.9870079 13.5904331 10.9870079 4 P 0
L 13.5195669 11.1129921 13.5904331 11.1129921 4 P 0
L 13.530315 11.2186614 13.530315 11.3013386 4 P 0
L 13.530315 11.2186614 13.569685 11.2186614 4 P 0
L 13.530315 11.3013386 13.569685 11.3013386 4 P 0
L 13.5429921 10.2645669 13.5429921 10.3354331 4 P 0
L 13.569685 11.2186614 13.569685 11.3013386 4 P 0
L 13.5904331 10.9870079 13.5904331 11.1129921 4 P 0
L 13.6212598 11.2806298 13.6212598 11.3593699 4 P 0
L 13.6212598 11.2806298 13.7787402 11.2806298 4 P 0
L 13.6212598 11.3593699 13.7787402 11.3593699 4 P 0
L 13.680315 11.3199999 13.719685 11.3199999 4 P 0
L 13.7 11.3003148 13.7 11.3396849 4 P 0
L 13.7787402 11.2806298 13.7787402 11.3593699 4 P 0
L 13.835315 11.2536614 13.835315 11.3363386 4 P 0
L 13.835315 11.2536614 13.874685 11.2536614 4 P 0
L 13.835315 11.3363386 13.874685 11.3363386 4 P 0
L 13.874685 11.2536614 13.874685 11.3363386 4 P 0
L 13.9195669 10.1020079 13.9195669 10.2279921 4 P 0
L 13.9195669 10.1020079 13.9904331 10.1020079 4 P 0
L 13.9195669 10.2279921 13.9904331 10.2279921 4 P 0
L 13.9362598 11.2806298 13.9362598 11.3593699 4 P 0
L 13.9362598 11.2806298 14.0937402 11.2806298 4 P 0
L 13.9362598 11.3593699 14.0937402 11.3593699 4 P 0
L 13.9904331 10.1020079 13.9904331 10.2279921 4 P 0
L 13.995315 11.3199999 14.034685 11.3199999 4 P 0
L 14.0023622 10.0867323 14.0023622 10.3032677 4 P 0
L 14.0023622 10.0867323 14.2976378 10.0867323 4 P 0
L 14.0023622 10.3032677 14.2976378 10.3032677 4 P 0
L 14.015 11.3003148 14.015 11.3396849 4 P 0
L 14.0216929 10.3312598 14.0216929 10.4887402 6 P 0
L 14.0216929 10.3312598 14.0374409 10.3155118 6 P 0
L 14.0216929 10.4887402 14.0374409 10.5044882 6 P 0
L 14.0374409 10.3155118 14.0925591 10.3155118 6 P 0
L 14.0374409 10.5044882 14.0925591 10.5044882 6 P 0
L 14.0925591 10.3155118 14.1083071 10.3312598 6 P 0
L 14.0925591 10.5044882 14.1083071 10.4887402 6 P 0
L 14.0937402 11.2806298 14.0937402 11.3593699 4 P 0
L 14.1083071 10.3312598 14.1083071 10.4887402 6 P 0
L 14.130315 10.195 14.1696851 10.195 4 P 0
L 14.145315 11.2486614 14.145315 11.3313386 4 P 0
L 14.145315 11.2486614 14.184685 11.2486614 4 P 0
L 14.145315 11.3313386 14.184685 11.3313386 4 P 0
L 14.15 10.175315 14.15 10.214685 4 P 0
L 14.184685 11.2486614 14.184685 11.3313386 4 P 0
L 14.2312598 11.2806298 14.2312598 11.3593699 4 P 0
L 14.2312598 11.2806298 14.3887402 11.2806298 4 P 0
L 14.2312598 11.3593699 14.3887402 11.3593699 4 P 0
L 14.290315 11.3199999 14.329685 11.3199999 4 P 0
L 14.2976378 10.0867323 14.2976378 10.3032677 4 P 0
L 14.31 11.3003148 14.31 11.3396849 4 P 0
L 14.3887402 11.2806298 14.3887402 11.3593699 4 P 0
L 14.4155118 10.3624409 14.4155118 10.4175591 6 P 0
L 14.4155118 10.3624409 14.4312598 10.3466929 6 P 0
L 14.4155118 10.4175591 14.4312598 10.4333071 6 P 0
L 14.4312598 10.3466929 14.5887402 10.3466929 6 P 0
L 14.4312598 10.4333071 14.5887402 10.4333071 6 P 0
L 14.445315 11.2086614 14.445315 11.2913386 4 P 0
L 14.445315 11.2086614 14.484685 11.2086614 4 P 0
L 14.445315 11.2913386 14.484685 11.2913386 4 P 0
L 14.4455118 10.0824409 14.4455118 10.1375591 6 P 0
L 14.4455118 10.0824409 14.4612598 10.0666929 6 P 0
L 14.4455118 10.1375591 14.4612598 10.1533071 6 P 0
L 14.4545669 10.1870079 14.4545669 10.3129921 4 P 0
L 14.4545669 10.1870079 14.5254331 10.1870079 4 P 0
L 14.4545669 10.3129921 14.5254331 10.3129921 4 P 0
L 14.4612598 10.0666929 14.6187402 10.0666929 6 P 0
L 14.4612598 10.1533071 14.6187402 10.1533071 6 P 0
L 14.484685 11.2086614 14.484685 11.2913386 4 P 0
L 14.5254331 10.1870079 14.5254331 10.3129921 4 P 0
L 14.5887402 10.3466929 14.6044882 10.3624409 6 P 0
L 14.5887402 10.4333071 14.6044882 10.4175591 6 P 0
L 14.6044882 10.3624409 14.6044882 10.4175591 6 P 0
L 14.6187402 10.0666929 14.6344882 10.0824409 6 P 0
L 14.6187402 10.1533071 14.6344882 10.1375591 6 P 0
L 14.6344882 10.0824409 14.6344882 10.1375591 6 P 0
P 12.6 9.725 1 P 0 0 ;0=0,1=0
P 12.8 9.72 1 P 0 0 ;0=0,1=0
P 12.965 10.775 1 P 0 0 ;0=0,1=0
P 12.975 9.645 1 P 0 0 ;0=0,1=0
P 12.995 10.12 0 P 0 0 ;0=0,1=0
P 12.995 10.325 0 P 0 0 ;0=0,1=0
P 13.265 10.17 0 P 0 0 ;0=0,1=0
P 13.315 10.96 2 P 0 0 ;0=0,1=0
P 13.48 10.3 0 P 0 0 ;0=0,1=0
P 13.55 11.26 3 P 0 0 ;0=0,1=0
P 13.555 11.05 0 P 0 0 ;0=0,1=0
P 13.855 11.295 3 P 0 0 ;0=0,1=0
P 13.955 10.165 0 P 0 0 ;0=0,1=0
P 14.065 10.41 2 P 0 0 ;0=0,1=0
P 14.165 11.29 3 P 0 0 ;0=0,1=0
P 14.465 11.25 3 P 0 0 ;0=0,1=0
P 14.49 10.25 0 P 0 0 ;0=0,1=0
P 14.51 10.39 2 P 0 0 ;0=0,1=0
P 14.54 10.11 2 P 0 0 ;0=0,1=0
